% 17-Aug-2024 08:02:20, created by disp_th_moments.m 
 
\begin{center}
\begin{longtable}{lcccccccccccccccccccccccccccccccccccccccc} 
\caption{MATRIX OF CORRELATIONS}\\
 \label{Table:th_corr_matrix}\\
\toprule 
$Variables  $	 & 	 $     labobs$	 & 	 $       robs$	 & 	 $    pinfobs$	 & 	 $         dy$	 & 	 $         dc$	 & 	 $      dinve$	 & 	 $         dw$	 & 	 $       ewma$	 & 	 $    epinfma$	 & 	 $      zcapf$	 & 	 $        rkf$	 & 	 $         kf$	 & 	 $        pkf$	 & 	 $         cf$	 & 	 $      invef$	 & 	 $         yf$	 & 	 $       labf$	 & 	 $         wf$	 & 	 $        rrf$	 & 	 $         mc$	 & 	 $       zcap$	 & 	 $         rk$	 & 	 $          k$	 & 	 $         pk$	 & 	 $          c$	 & 	 $       inve$	 & 	 $          y$	 & 	 $        lab$	 & 	 $       pinf$	 & 	 $          w$	 & 	 $          r$	 & 	 $          a$	 & 	 $          b$	 & 	 $          g$	 & 	 $         qs$	 & 	 $         ms$	 & 	 $      spinf$	 & 	 $         sw$	 & 	 $        kpf$	 & 	 $         kp$\\
\midrule \endfirsthead 
\caption{(continued)}\\
 \toprule \\ 
$Variables  $	 & 	 $     labobs$	 & 	 $       robs$	 & 	 $    pinfobs$	 & 	 $         dy$	 & 	 $         dc$	 & 	 $      dinve$	 & 	 $         dw$	 & 	 $       ewma$	 & 	 $    epinfma$	 & 	 $      zcapf$	 & 	 $        rkf$	 & 	 $         kf$	 & 	 $        pkf$	 & 	 $         cf$	 & 	 $      invef$	 & 	 $         yf$	 & 	 $       labf$	 & 	 $         wf$	 & 	 $        rrf$	 & 	 $         mc$	 & 	 $       zcap$	 & 	 $         rk$	 & 	 $          k$	 & 	 $         pk$	 & 	 $          c$	 & 	 $       inve$	 & 	 $          y$	 & 	 $        lab$	 & 	 $       pinf$	 & 	 $          w$	 & 	 $          r$	 & 	 $          a$	 & 	 $          b$	 & 	 $          g$	 & 	 $         qs$	 & 	 $         ms$	 & 	 $      spinf$	 & 	 $         sw$	 & 	 $        kpf$	 & 	 $         kp$\\
\midrule \endhead 
\midrule \multicolumn{41}{r}{(Continued on next page)} \\ \bottomrule \endfoot 
\bottomrule \endlastfoot 
$labobs     $	 & 	     1.0000	 & 	    -0.2632	 & 	    -0.3601	 & 	     0.0878	 & 	     0.0858	 & 	     0.0641	 & 	     0.1544	 & 	    -0.0228	 & 	    -0.0167	 & 	     0.1358	 & 	     0.1358	 & 	    -0.0279	 & 	    -0.3299	 & 	    -0.2826	 & 	     0.1138	 & 	     0.1265	 & 	     0.4287	 & 	    -0.0753	 & 	     0.2027	 & 	     0.0703	 & 	     0.1244	 & 	     0.1244	 & 	     0.4688	 & 	    -0.0258	 & 	     0.6620	 & 	     0.6003	 & 	     0.8008	 & 	     1.0000	 & 	    -0.3601	 & 	     0.0053	 & 	    -0.2632	 & 	    -0.0349	 & 	     0.1125	 & 	     0.2743	 & 	     0.2153	 & 	    -0.0516	 & 	    -0.0933	 & 	    -0.2806	 & 	    -0.0612	 & 	     0.3123 \\ 
$robs       $	 & 	    -0.2632	 & 	     1.0000	 & 	     0.6748	 & 	    -0.2166	 & 	    -0.2314	 & 	    -0.1805	 & 	    -0.1509	 & 	     0.0623	 & 	     0.1042	 & 	     0.0224	 & 	     0.0224	 & 	    -0.0799	 & 	    -0.4698	 & 	    -0.3953	 & 	     0.1234	 & 	    -0.1068	 & 	     0.3475	 & 	    -0.2747	 & 	     0.3210	 & 	     0.3253	 & 	     0.2110	 & 	     0.2110	 & 	    -0.2530	 & 	    -0.3828	 & 	    -0.5755	 & 	    -0.1365	 & 	    -0.3808	 & 	    -0.2632	 & 	     0.6748	 & 	     0.0451	 & 	     1.0000	 & 	    -0.2841	 & 	     0.1996	 & 	     0.0619	 & 	     0.2619	 & 	     0.3170	 & 	     0.1695	 & 	     0.2550	 & 	    -0.0480	 & 	    -0.2557 \\ 
$pinfobs    $	 & 	    -0.3601	 & 	     0.6748	 & 	     1.0000	 & 	    -0.2350	 & 	    -0.3023	 & 	    -0.1417	 & 	    -0.1674	 & 	     0.2247	 & 	     0.4292	 & 	     0.0329	 & 	     0.0329	 & 	    -0.0666	 & 	    -0.2406	 & 	    -0.2019	 & 	     0.0281	 & 	    -0.0710	 & 	     0.1885	 & 	    -0.1623	 & 	     0.1080	 & 	     0.3706	 & 	     0.1905	 & 	     0.1905	 & 	    -0.2234	 & 	    -0.1614	 & 	    -0.5033	 & 	    -0.2194	 & 	    -0.3826	 & 	    -0.3601	 & 	     1.0000	 & 	     0.1755	 & 	     0.6748	 & 	    -0.1614	 & 	     0.0386	 & 	     0.0278	 & 	     0.1473	 & 	    -0.0811	 & 	     0.4814	 & 	     0.4425	 & 	    -0.0506	 & 	    -0.2332 \\ 
$dy         $	 & 	     0.0878	 & 	    -0.2166	 & 	    -0.2350	 & 	     1.0000	 & 	     0.6224	 & 	     0.6251	 & 	     0.2525	 & 	    -0.0402	 & 	    -0.1178	 & 	     0.1583	 & 	     0.1583	 & 	    -0.0523	 & 	    -0.0362	 & 	     0.0181	 & 	     0.0880	 & 	     0.1139	 & 	     0.0908	 & 	     0.0730	 & 	     0.3355	 & 	    -0.2016	 & 	     0.1472	 & 	     0.1472	 & 	    -0.1189	 & 	     0.3782	 & 	     0.0176	 & 	     0.0806	 & 	     0.0824	 & 	     0.0878	 & 	    -0.2350	 & 	    -0.1381	 & 	    -0.2166	 & 	     0.1299	 & 	     0.4261	 & 	     0.0565	 & 	     0.3279	 & 	    -0.2113	 & 	    -0.1387	 & 	    -0.0714	 & 	    -0.0844	 & 	    -0.1279 \\ 
$dc         $	 & 	     0.0858	 & 	    -0.2314	 & 	    -0.3023	 & 	     0.6224	 & 	     1.0000	 & 	     0.3017	 & 	     0.1417	 & 	    -0.1273	 & 	    -0.0879	 & 	     0.0487	 & 	     0.0487	 & 	    -0.0081	 & 	     0.0778	 & 	     0.0316	 & 	     0.0952	 & 	     0.0486	 & 	    -0.0643	 & 	     0.0802	 & 	     0.6168	 & 	    -0.2052	 & 	     0.0882	 & 	     0.0882	 & 	    -0.0858	 & 	     0.6388	 & 	     0.0592	 & 	     0.1105	 & 	     0.0780	 & 	     0.0858	 & 	    -0.3023	 & 	    -0.1441	 & 	    -0.2314	 & 	     0.1013	 & 	     0.7097	 & 	    -0.0247	 & 	     0.0120	 & 	    -0.2917	 & 	    -0.1182	 & 	    -0.1701	 & 	    -0.0193	 & 	    -0.0863 \\ 
$dinve      $	 & 	     0.0641	 & 	    -0.1805	 & 	    -0.1417	 & 	     0.6251	 & 	     0.3017	 & 	     1.0000	 & 	     0.2258	 & 	    -0.0306	 & 	    -0.1047	 & 	     0.2441	 & 	     0.2441	 & 	    -0.1411	 & 	    -0.1531	 & 	    -0.0252	 & 	     0.1266	 & 	     0.0731	 & 	     0.1402	 & 	     0.0078	 & 	     0.0168	 & 	    -0.1426	 & 	     0.2134	 & 	     0.2134	 & 	    -0.1697	 & 	     0.0742	 & 	    -0.0333	 & 	     0.0948	 & 	     0.0329	 & 	     0.0641	 & 	    -0.1417	 & 	    -0.1307	 & 	    -0.1805	 & 	     0.0891	 & 	     0.1415	 & 	    -0.0039	 & 	     0.7217	 & 	    -0.1322	 & 	    -0.1234	 & 	    -0.0479	 & 	    -0.1645	 & 	    -0.1813 \\ 
$dw         $	 & 	     0.1544	 & 	    -0.1509	 & 	    -0.1674	 & 	     0.2525	 & 	     0.1417	 & 	     0.2258	 & 	     1.0000	 & 	     0.7672	 & 	    -0.5042	 & 	     0.0884	 & 	     0.0884	 & 	    -0.0162	 & 	    -0.0121	 & 	     0.0082	 & 	     0.1174	 & 	     0.0857	 & 	     0.0329	 & 	     0.0718	 & 	     0.0445	 & 	     0.0784	 & 	     0.1671	 & 	     0.1671	 & 	     0.0292	 & 	     0.1826	 & 	     0.1060	 & 	     0.1722	 & 	     0.1605	 & 	     0.1544	 & 	    -0.1674	 & 	     0.0957	 & 	    -0.1509	 & 	     0.1055	 & 	     0.0819	 & 	     0.0204	 & 	     0.1220	 & 	    -0.0700	 & 	    -0.4911	 & 	     0.6769	 & 	    -0.0368	 & 	    -0.0306 \\ 
$ewma       $	 & 	    -0.0228	 & 	     0.0623	 & 	     0.2247	 & 	    -0.0402	 & 	    -0.1273	 & 	    -0.0306	 & 	     0.7672	 & 	     1.0000	 & 	     0.0000	 & 	     0.0000	 & 	     0.0000	 & 	     0.0000	 & 	     0.0000	 & 	     0.0000	 & 	     0.0000	 & 	     0.0000	 & 	     0.0000	 & 	     0.0000	 & 	     0.0000	 & 	     0.1782	 & 	     0.0568	 & 	     0.0568	 & 	     0.0297	 & 	     0.0685	 & 	    -0.0151	 & 	    -0.0058	 & 	    -0.0066	 & 	    -0.0228	 & 	     0.2247	 & 	     0.1468	 & 	     0.0623	 & 	     0.0000	 & 	     0.0000	 & 	     0.0000	 & 	     0.0000	 & 	     0.0000	 & 	     0.0000	 & 	     0.9423	 & 	     0.0000	 & 	    -0.0003 \\ 
$epinfma    $	 & 	    -0.0167	 & 	     0.1042	 & 	     0.4292	 & 	    -0.1178	 & 	    -0.0879	 & 	    -0.1047	 & 	    -0.5042	 & 	     0.0000	 & 	     1.0000	 & 	     0.0000	 & 	     0.0000	 & 	     0.0000	 & 	     0.0000	 & 	     0.0000	 & 	     0.0000	 & 	     0.0000	 & 	     0.0000	 & 	     0.0000	 & 	     0.0000	 & 	    -0.1217	 & 	    -0.0522	 & 	    -0.0522	 & 	    -0.0274	 & 	    -0.0531	 & 	    -0.0104	 & 	    -0.0198	 & 	    -0.0194	 & 	    -0.0167	 & 	     0.4292	 & 	    -0.0965	 & 	     0.1042	 & 	     0.0000	 & 	     0.0000	 & 	     0.0000	 & 	     0.0000	 & 	     0.0000	 & 	     0.9374	 & 	     0.0000	 & 	     0.0000	 & 	    -0.0010 \\ 
$zcapf      $	 & 	     0.1358	 & 	     0.0224	 & 	     0.0329	 & 	     0.1583	 & 	     0.0487	 & 	     0.2441	 & 	     0.0884	 & 	     0.0000	 & 	     0.0000	 & 	     1.0000	 & 	     1.0000	 & 	    -0.8099	 & 	     0.2355	 & 	    -0.5757	 & 	    -0.3418	 & 	    -0.0940	 & 	     0.5040	 & 	    -0.3362	 & 	    -0.0330	 & 	    -0.1074	 & 	     0.7960	 & 	     0.7960	 & 	    -0.6118	 & 	     0.2009	 & 	    -0.3382	 & 	    -0.2800	 & 	    -0.1011	 & 	     0.1358	 & 	     0.0329	 & 	    -0.3417	 & 	     0.0224	 & 	    -0.0255	 & 	     0.0000	 & 	     0.3274	 & 	    -0.0389	 & 	     0.0000	 & 	     0.0000	 & 	     0.0000	 & 	    -0.9157	 & 	    -0.7290 \\ 
$rkf        $	 & 	     0.1358	 & 	     0.0224	 & 	     0.0329	 & 	     0.1583	 & 	     0.0487	 & 	     0.2441	 & 	     0.0884	 & 	     0.0000	 & 	     0.0000	 & 	     1.0000	 & 	     1.0000	 & 	    -0.8099	 & 	     0.2355	 & 	    -0.5757	 & 	    -0.3418	 & 	    -0.0940	 & 	     0.5040	 & 	    -0.3362	 & 	    -0.0330	 & 	    -0.1074	 & 	     0.7960	 & 	     0.7960	 & 	    -0.6118	 & 	     0.2009	 & 	    -0.3382	 & 	    -0.2800	 & 	    -0.1011	 & 	     0.1358	 & 	     0.0329	 & 	    -0.3417	 & 	     0.0224	 & 	    -0.0255	 & 	     0.0000	 & 	     0.3274	 & 	    -0.0389	 & 	     0.0000	 & 	     0.0000	 & 	     0.0000	 & 	    -0.9157	 & 	    -0.7290 \\ 
$kf         $	 & 	    -0.0279	 & 	    -0.0799	 & 	    -0.0666	 & 	    -0.0523	 & 	    -0.0081	 & 	    -0.1411	 & 	    -0.0162	 & 	     0.0000	 & 	     0.0000	 & 	    -0.8099	 & 	    -0.8099	 & 	     1.0000	 & 	    -0.2091	 & 	     0.7047	 & 	     0.6218	 & 	     0.6601	 & 	    -0.2177	 & 	     0.7773	 & 	    -0.0027	 & 	     0.0042	 & 	    -0.6757	 & 	    -0.6757	 & 	     0.7175	 & 	    -0.1739	 & 	     0.4011	 & 	     0.5009	 & 	     0.4438	 & 	    -0.0279	 & 	    -0.0666	 & 	     0.5731	 & 	    -0.0799	 & 	     0.5567	 & 	     0.0000	 & 	     0.1199	 & 	     0.1323	 & 	     0.0000	 & 	     0.0000	 & 	     0.0000	 & 	     0.9756	 & 	     0.7706 \\ 
$pkf        $	 & 	    -0.3299	 & 	    -0.4698	 & 	    -0.2406	 & 	    -0.0362	 & 	     0.0778	 & 	    -0.1531	 & 	    -0.0121	 & 	     0.0000	 & 	     0.0000	 & 	     0.2355	 & 	     0.2355	 & 	    -0.2091	 & 	     1.0000	 & 	     0.2856	 & 	    -0.5110	 & 	    -0.0534	 & 	    -0.4918	 & 	     0.1800	 & 	    -0.2421	 & 	    -0.2970	 & 	     0.0332	 & 	     0.0332	 & 	    -0.2533	 & 	     0.6070	 & 	     0.0074	 & 	    -0.4883	 & 	    -0.1780	 & 	    -0.3299	 & 	    -0.2406	 & 	    -0.0987	 & 	    -0.4698	 & 	     0.2691	 & 	     0.0000	 & 	    -0.0008	 & 	    -0.7178	 & 	     0.0000	 & 	     0.0000	 & 	     0.0000	 & 	    -0.2609	 & 	    -0.2214 \\ 
$cf         $	 & 	    -0.2826	 & 	    -0.3953	 & 	    -0.2019	 & 	     0.0181	 & 	     0.0316	 & 	    -0.0252	 & 	     0.0082	 & 	     0.0000	 & 	     0.0000	 & 	    -0.5757	 & 	    -0.5757	 & 	     0.7047	 & 	     0.2856	 & 	     1.0000	 & 	     0.4482	 & 	     0.4589	 & 	    -0.6776	 & 	     0.7913	 & 	    -0.1262	 & 	    -0.1700	 & 	    -0.5527	 & 	    -0.5527	 & 	     0.4308	 & 	     0.1820	 & 	     0.4526	 & 	     0.3034	 & 	     0.2276	 & 	    -0.2826	 & 	    -0.2019	 & 	     0.4414	 & 	    -0.3953	 & 	     0.6491	 & 	     0.0000	 & 	    -0.2859	 & 	    -0.1301	 & 	     0.0000	 & 	     0.0000	 & 	     0.0000	 & 	     0.6858	 & 	     0.5135 \\ 
$invef      $	 & 	     0.1138	 & 	     0.1234	 & 	     0.0281	 & 	     0.0880	 & 	     0.0952	 & 	     0.1266	 & 	     0.1174	 & 	     0.0000	 & 	     0.0000	 & 	    -0.3418	 & 	    -0.3418	 & 	     0.6218	 & 	    -0.5110	 & 	     0.4482	 & 	     1.0000	 & 	     0.6177	 & 	     0.0020	 & 	     0.6293	 & 	     0.0278	 & 	     0.0190	 & 	    -0.2372	 & 	    -0.2372	 & 	     0.4573	 & 	    -0.3671	 & 	     0.2992	 & 	     0.8310	 & 	     0.4616	 & 	     0.1138	 & 	     0.0281	 & 	     0.4607	 & 	     0.1234	 & 	     0.5548	 & 	     0.0000	 & 	    -0.0608	 & 	     0.5387	 & 	     0.0000	 & 	     0.0000	 & 	     0.0000	 & 	     0.5813	 & 	     0.4515 \\ 
$yf         $	 & 	     0.1265	 & 	    -0.1068	 & 	    -0.0710	 & 	     0.1139	 & 	     0.0486	 & 	     0.0731	 & 	     0.0857	 & 	     0.0000	 & 	     0.0000	 & 	    -0.0940	 & 	    -0.0940	 & 	     0.6601	 & 	    -0.0534	 & 	     0.4589	 & 	     0.6177	 & 	     1.0000	 & 	     0.2760	 & 	     0.8888	 & 	    -0.0468	 & 	    -0.1303	 & 	    -0.1274	 & 	    -0.1274	 & 	     0.4344	 & 	    -0.0379	 & 	     0.2477	 & 	     0.4916	 & 	     0.6237	 & 	     0.1265	 & 	    -0.0710	 & 	     0.5352	 & 	    -0.1068	 & 	     0.9123	 & 	     0.0000	 & 	     0.6228	 & 	     0.1748	 & 	     0.0000	 & 	     0.0000	 & 	     0.0000	 & 	     0.4832	 & 	     0.3743 \\ 
$labf       $	 & 	     0.4287	 & 	     0.3475	 & 	     0.1885	 & 	     0.0908	 & 	    -0.0643	 & 	     0.1402	 & 	     0.0329	 & 	     0.0000	 & 	     0.0000	 & 	     0.5040	 & 	     0.5040	 & 	    -0.2177	 & 	    -0.4918	 & 	    -0.6776	 & 	     0.0020	 & 	     0.2760	 & 	     1.0000	 & 	    -0.1951	 & 	     0.1630	 & 	     0.1308	 & 	     0.4874	 & 	     0.4874	 & 	    -0.0996	 & 	    -0.2562	 & 	    -0.2665	 & 	     0.0595	 & 	     0.2428	 & 	     0.4287	 & 	     0.1885	 & 	    -0.0461	 & 	     0.3475	 & 	    -0.0401	 & 	     0.0000	 & 	     0.7567	 & 	     0.3487	 & 	     0.0000	 & 	     0.0000	 & 	     0.0000	 & 	    -0.3270	 & 	    -0.2391 \\ 
$wf         $	 & 	    -0.0753	 & 	    -0.2747	 & 	    -0.1623	 & 	     0.0730	 & 	     0.0802	 & 	     0.0078	 & 	     0.0718	 & 	     0.0000	 & 	     0.0000	 & 	    -0.3362	 & 	    -0.3362	 & 	     0.7773	 & 	     0.1800	 & 	     0.7913	 & 	     0.6293	 & 	     0.8888	 & 	    -0.1951	 & 	     1.0000	 & 	    -0.1255	 & 	    -0.1953	 & 	    -0.3624	 & 	    -0.3624	 & 	     0.4907	 & 	     0.0835	 & 	     0.3798	 & 	     0.4733	 & 	     0.5207	 & 	    -0.0753	 & 	    -0.1623	 & 	     0.5681	 & 	    -0.2747	 & 	     0.9501	 & 	     0.0000	 & 	     0.2748	 & 	     0.0121	 & 	     0.0000	 & 	     0.0000	 & 	     0.0000	 & 	     0.6490	 & 	     0.4959 \\ 
$rrf        $	 & 	     0.2027	 & 	     0.3210	 & 	     0.1080	 & 	     0.3355	 & 	     0.6168	 & 	     0.0168	 & 	     0.0445	 & 	     0.0000	 & 	     0.0000	 & 	    -0.0330	 & 	    -0.0330	 & 	    -0.0027	 & 	    -0.2421	 & 	    -0.1262	 & 	     0.0278	 & 	    -0.0468	 & 	     0.1630	 & 	    -0.1255	 & 	     1.0000	 & 	     0.1446	 & 	     0.0848	 & 	     0.0848	 & 	     0.0623	 & 	     0.5136	 & 	     0.0706	 & 	     0.0760	 & 	     0.0911	 & 	     0.2027	 & 	     0.1080	 & 	     0.0105	 & 	     0.3210	 & 	    -0.1441	 & 	     0.9432	 & 	     0.0168	 & 	     0.0305	 & 	     0.0000	 & 	     0.0000	 & 	     0.0000	 & 	     0.0131	 & 	     0.0165 \\ 
$mc         $	 & 	     0.0703	 & 	     0.3253	 & 	     0.3706	 & 	    -0.2016	 & 	    -0.2052	 & 	    -0.1426	 & 	     0.0784	 & 	     0.1782	 & 	    -0.1217	 & 	    -0.1074	 & 	    -0.1074	 & 	     0.0042	 & 	    -0.2970	 & 	    -0.1700	 & 	     0.0190	 & 	    -0.1303	 & 	     0.1308	 & 	    -0.1953	 & 	     0.1446	 & 	     1.0000	 & 	     0.2346	 & 	     0.2346	 & 	     0.2535	 & 	    -0.0599	 & 	    -0.0597	 & 	     0.1333	 & 	     0.0140	 & 	     0.0703	 & 	     0.3706	 & 	     0.6834	 & 	     0.3253	 & 	    -0.2429	 & 	     0.0400	 & 	    -0.0437	 & 	     0.0999	 & 	    -0.0265	 & 	    -0.3444	 & 	     0.2969	 & 	     0.0474	 & 	     0.0986 \\ 
$zcap       $	 & 	     0.1244	 & 	     0.2110	 & 	     0.1905	 & 	     0.1472	 & 	     0.0882	 & 	     0.2134	 & 	     0.1671	 & 	     0.0568	 & 	    -0.0522	 & 	     0.7960	 & 	     0.7960	 & 	    -0.6757	 & 	     0.0332	 & 	    -0.5527	 & 	    -0.2372	 & 	    -0.1274	 & 	     0.4874	 & 	    -0.3624	 & 	     0.0848	 & 	     0.2346	 & 	     1.0000	 & 	     1.0000	 & 	    -0.6459	 & 	     0.1826	 & 	    -0.4529	 & 	    -0.1845	 & 	    -0.1618	 & 	     0.1244	 & 	     0.1905	 & 	    -0.1515	 & 	     0.2110	 & 	    -0.1209	 & 	     0.0614	 & 	     0.2376	 & 	     0.0387	 & 	    -0.0311	 & 	    -0.1354	 & 	     0.1220	 & 	    -0.7454	 & 	    -0.8213 \\ 
$rk         $	 & 	     0.1244	 & 	     0.2110	 & 	     0.1905	 & 	     0.1472	 & 	     0.0882	 & 	     0.2134	 & 	     0.1671	 & 	     0.0568	 & 	    -0.0522	 & 	     0.7960	 & 	     0.7960	 & 	    -0.6757	 & 	     0.0332	 & 	    -0.5527	 & 	    -0.2372	 & 	    -0.1274	 & 	     0.4874	 & 	    -0.3624	 & 	     0.0848	 & 	     0.2346	 & 	     1.0000	 & 	     1.0000	 & 	    -0.6459	 & 	     0.1826	 & 	    -0.4529	 & 	    -0.1845	 & 	    -0.1618	 & 	     0.1244	 & 	     0.1905	 & 	    -0.1515	 & 	     0.2110	 & 	    -0.1209	 & 	     0.0614	 & 	     0.2376	 & 	     0.0387	 & 	    -0.0311	 & 	    -0.1354	 & 	     0.1220	 & 	    -0.7454	 & 	    -0.8213 \\ 
$k          $	 & 	     0.4688	 & 	    -0.2530	 & 	    -0.2234	 & 	    -0.1189	 & 	    -0.0858	 & 	    -0.1697	 & 	     0.0292	 & 	     0.0297	 & 	    -0.0274	 & 	    -0.6118	 & 	    -0.6118	 & 	     0.7175	 & 	    -0.2533	 & 	     0.4308	 & 	     0.4573	 & 	     0.4344	 & 	    -0.0996	 & 	     0.4907	 & 	     0.0623	 & 	     0.2535	 & 	    -0.6459	 & 	    -0.6459	 & 	     1.0000	 & 	    -0.1304	 & 	     0.7917	 & 	     0.6842	 & 	     0.7571	 & 	     0.4688	 & 	    -0.2234	 & 	     0.6310	 & 	    -0.2530	 & 	     0.3182	 & 	     0.0326	 & 	     0.0861	 & 	     0.1356	 & 	    -0.0166	 & 	    -0.1124	 & 	    -0.1039	 & 	     0.7133	 & 	     0.9649 \\ 
$pk         $	 & 	    -0.0258	 & 	    -0.3828	 & 	    -0.1614	 & 	     0.3782	 & 	     0.6388	 & 	     0.0742	 & 	     0.1826	 & 	     0.0685	 & 	    -0.0531	 & 	     0.2009	 & 	     0.2009	 & 	    -0.1739	 & 	     0.6070	 & 	     0.1820	 & 	    -0.3671	 & 	    -0.0379	 & 	    -0.2562	 & 	     0.0835	 & 	     0.5136	 & 	    -0.0599	 & 	     0.1826	 & 	     0.1826	 & 	    -0.1304	 & 	     1.0000	 & 	     0.1357	 & 	    -0.2587	 & 	     0.0134	 & 	    -0.0258	 & 	    -0.1614	 & 	    -0.0015	 & 	    -0.3828	 & 	     0.1552	 & 	     0.6675	 & 	     0.0112	 & 	    -0.4825	 & 	    -0.2432	 & 	    -0.1016	 & 	     0.0508	 & 	    -0.2141	 & 	    -0.1761 \\ 
$c          $	 & 	     0.6620	 & 	    -0.5755	 & 	    -0.5033	 & 	     0.0176	 & 	     0.0592	 & 	    -0.0333	 & 	     0.1060	 & 	    -0.0151	 & 	    -0.0104	 & 	    -0.3382	 & 	    -0.3382	 & 	     0.4011	 & 	     0.0074	 & 	     0.4526	 & 	     0.2992	 & 	     0.2477	 & 	    -0.2665	 & 	     0.3798	 & 	     0.0706	 & 	    -0.0597	 & 	    -0.4529	 & 	    -0.4529	 & 	     0.7917	 & 	     0.1357	 & 	     1.0000	 & 	     0.6780	 & 	     0.8140	 & 	     0.6620	 & 	    -0.5033	 & 	     0.2713	 & 	    -0.5755	 & 	     0.2911	 & 	     0.1028	 & 	    -0.1227	 & 	     0.0049	 & 	    -0.0396	 & 	    -0.0700	 & 	    -0.2675	 & 	     0.3981	 & 	     0.7478 \\ 
$inve       $	 & 	     0.6003	 & 	    -0.1365	 & 	    -0.2194	 & 	     0.0806	 & 	     0.1105	 & 	     0.0948	 & 	     0.1722	 & 	    -0.0058	 & 	    -0.0198	 & 	    -0.2800	 & 	    -0.2800	 & 	     0.5009	 & 	    -0.4883	 & 	     0.3034	 & 	     0.8310	 & 	     0.4916	 & 	     0.0595	 & 	     0.4733	 & 	     0.0760	 & 	     0.1333	 & 	    -0.1845	 & 	    -0.1845	 & 	     0.6842	 & 	    -0.2587	 & 	     0.6780	 & 	     1.0000	 & 	     0.7934	 & 	     0.6003	 & 	    -0.2194	 & 	     0.4518	 & 	    -0.1365	 & 	     0.4096	 & 	     0.0328	 & 	    -0.0306	 & 	     0.4709	 & 	    -0.0287	 & 	    -0.0989	 & 	    -0.1501	 & 	     0.4720	 & 	     0.5972 \\ 
$y          $	 & 	     0.8008	 & 	    -0.3808	 & 	    -0.3826	 & 	     0.0824	 & 	     0.0780	 & 	     0.0329	 & 	     0.1605	 & 	    -0.0066	 & 	    -0.0194	 & 	    -0.1011	 & 	    -0.1011	 & 	     0.4438	 & 	    -0.1780	 & 	     0.2276	 & 	     0.4616	 & 	     0.6237	 & 	     0.2428	 & 	     0.5207	 & 	     0.0911	 & 	     0.0140	 & 	    -0.1618	 & 	    -0.1618	 & 	     0.7571	 & 	     0.0134	 & 	     0.8140	 & 	     0.7934	 & 	     1.0000	 & 	     0.8008	 & 	    -0.3826	 & 	     0.4106	 & 	    -0.3808	 & 	     0.5192	 & 	     0.0859	 & 	     0.3907	 & 	     0.1861	 & 	    -0.0399	 & 	    -0.0966	 & 	    -0.2209	 & 	     0.3432	 & 	     0.6258 \\ 
$lab        $	 & 	     1.0000	 & 	    -0.2632	 & 	    -0.3601	 & 	     0.0878	 & 	     0.0858	 & 	     0.0641	 & 	     0.1544	 & 	    -0.0228	 & 	    -0.0167	 & 	     0.1358	 & 	     0.1358	 & 	    -0.0279	 & 	    -0.3299	 & 	    -0.2826	 & 	     0.1138	 & 	     0.1265	 & 	     0.4287	 & 	    -0.0753	 & 	     0.2027	 & 	     0.0703	 & 	     0.1244	 & 	     0.1244	 & 	     0.4688	 & 	    -0.0258	 & 	     0.6620	 & 	     0.6003	 & 	     0.8008	 & 	     1.0000	 & 	    -0.3601	 & 	     0.0053	 & 	    -0.2632	 & 	    -0.0349	 & 	     0.1125	 & 	     0.2743	 & 	     0.2153	 & 	    -0.0516	 & 	    -0.0933	 & 	    -0.2806	 & 	    -0.0612	 & 	     0.3123 \\ 
$pinf       $	 & 	    -0.3601	 & 	     0.6748	 & 	     1.0000	 & 	    -0.2350	 & 	    -0.3023	 & 	    -0.1417	 & 	    -0.1674	 & 	     0.2247	 & 	     0.4292	 & 	     0.0329	 & 	     0.0329	 & 	    -0.0666	 & 	    -0.2406	 & 	    -0.2019	 & 	     0.0281	 & 	    -0.0710	 & 	     0.1885	 & 	    -0.1623	 & 	     0.1080	 & 	     0.3706	 & 	     0.1905	 & 	     0.1905	 & 	    -0.2234	 & 	    -0.1614	 & 	    -0.5033	 & 	    -0.2194	 & 	    -0.3826	 & 	    -0.3601	 & 	     1.0000	 & 	     0.1755	 & 	     0.6748	 & 	    -0.1614	 & 	     0.0386	 & 	     0.0278	 & 	     0.1473	 & 	    -0.0811	 & 	     0.4814	 & 	     0.4425	 & 	    -0.0506	 & 	    -0.2332 \\ 
$w          $	 & 	     0.0053	 & 	     0.0451	 & 	     0.1755	 & 	    -0.1381	 & 	    -0.1441	 & 	    -0.1307	 & 	     0.0957	 & 	     0.1468	 & 	    -0.0965	 & 	    -0.3417	 & 	    -0.3417	 & 	     0.5731	 & 	    -0.0987	 & 	     0.4414	 & 	     0.4607	 & 	     0.5352	 & 	    -0.0461	 & 	     0.5681	 & 	     0.0105	 & 	     0.6834	 & 	    -0.1515	 & 	    -0.1515	 & 	     0.6310	 & 	    -0.0015	 & 	     0.2713	 & 	     0.4518	 & 	     0.4106	 & 	     0.0053	 & 	     0.1755	 & 	     1.0000	 & 	     0.0451	 & 	     0.4898	 & 	     0.0192	 & 	     0.1636	 & 	     0.0804	 & 	    -0.0154	 & 	    -0.2766	 & 	     0.2369	 & 	     0.5163	 & 	     0.5165 \\ 
$r          $	 & 	    -0.2632	 & 	     1.0000	 & 	     0.6748	 & 	    -0.2166	 & 	    -0.2314	 & 	    -0.1805	 & 	    -0.1509	 & 	     0.0623	 & 	     0.1042	 & 	     0.0224	 & 	     0.0224	 & 	    -0.0799	 & 	    -0.4698	 & 	    -0.3953	 & 	     0.1234	 & 	    -0.1068	 & 	     0.3475	 & 	    -0.2747	 & 	     0.3210	 & 	     0.3253	 & 	     0.2110	 & 	     0.2110	 & 	    -0.2530	 & 	    -0.3828	 & 	    -0.5755	 & 	    -0.1365	 & 	    -0.3808	 & 	    -0.2632	 & 	     0.6748	 & 	     0.0451	 & 	     1.0000	 & 	    -0.2841	 & 	     0.1996	 & 	     0.0619	 & 	     0.2619	 & 	     0.3170	 & 	     0.1695	 & 	     0.2550	 & 	    -0.0480	 & 	    -0.2557 \\ 
$a          $	 & 	    -0.0349	 & 	    -0.2841	 & 	    -0.1614	 & 	     0.1299	 & 	     0.1013	 & 	     0.0891	 & 	     0.1055	 & 	     0.0000	 & 	     0.0000	 & 	    -0.0255	 & 	    -0.0255	 & 	     0.5567	 & 	     0.2691	 & 	     0.6491	 & 	     0.5548	 & 	     0.9123	 & 	    -0.0401	 & 	     0.9501	 & 	    -0.1441	 & 	    -0.2429	 & 	    -0.1209	 & 	    -0.1209	 & 	     0.3182	 & 	     0.1552	 & 	     0.2911	 & 	     0.4096	 & 	     0.5192	 & 	    -0.0349	 & 	    -0.1614	 & 	     0.4898	 & 	    -0.2841	 & 	     1.0000	 & 	     0.0000	 & 	     0.4001	 & 	     0.0000	 & 	     0.0000	 & 	     0.0000	 & 	     0.0000	 & 	     0.3854	 & 	     0.2849 \\ 
$b          $	 & 	     0.1125	 & 	     0.1996	 & 	     0.0386	 & 	     0.4261	 & 	     0.7097	 & 	     0.1415	 & 	     0.0819	 & 	     0.0000	 & 	     0.0000	 & 	     0.0000	 & 	     0.0000	 & 	     0.0000	 & 	     0.0000	 & 	     0.0000	 & 	     0.0000	 & 	     0.0000	 & 	     0.0000	 & 	     0.0000	 & 	     0.9432	 & 	     0.0400	 & 	     0.0614	 & 	     0.0614	 & 	     0.0326	 & 	     0.6675	 & 	     0.1028	 & 	     0.0328	 & 	     0.0859	 & 	     0.1125	 & 	     0.0386	 & 	     0.0192	 & 	     0.1996	 & 	     0.0000	 & 	     1.0000	 & 	     0.0000	 & 	     0.0000	 & 	     0.0000	 & 	     0.0000	 & 	     0.0000	 & 	     0.0000	 & 	     0.0019 \\ 
$g          $	 & 	     0.2743	 & 	     0.0619	 & 	     0.0278	 & 	     0.0565	 & 	    -0.0247	 & 	    -0.0039	 & 	     0.0204	 & 	     0.0000	 & 	     0.0000	 & 	     0.3274	 & 	     0.3274	 & 	     0.1199	 & 	    -0.0008	 & 	    -0.2859	 & 	    -0.0608	 & 	     0.6228	 & 	     0.7567	 & 	     0.2748	 & 	     0.0168	 & 	    -0.0437	 & 	     0.2376	 & 	     0.2376	 & 	     0.0861	 & 	     0.0112	 & 	    -0.1227	 & 	    -0.0306	 & 	     0.3907	 & 	     0.2743	 & 	     0.0278	 & 	     0.1636	 & 	     0.0619	 & 	     0.4001	 & 	     0.0000	 & 	     1.0000	 & 	     0.0000	 & 	     0.0000	 & 	     0.0000	 & 	     0.0000	 & 	    -0.0559	 & 	    -0.0282 \\ 
$qs         $	 & 	     0.2153	 & 	     0.2619	 & 	     0.1473	 & 	     0.3279	 & 	     0.0120	 & 	     0.7217	 & 	     0.1220	 & 	     0.0000	 & 	     0.0000	 & 	    -0.0389	 & 	    -0.0389	 & 	     0.1323	 & 	    -0.7178	 & 	    -0.1301	 & 	     0.5387	 & 	     0.1748	 & 	     0.3487	 & 	     0.0121	 & 	     0.0305	 & 	     0.0999	 & 	     0.0387	 & 	     0.0387	 & 	     0.1356	 & 	    -0.4825	 & 	     0.0049	 & 	     0.4709	 & 	     0.1861	 & 	     0.2153	 & 	     0.1473	 & 	     0.0804	 & 	     0.2619	 & 	     0.0000	 & 	     0.0000	 & 	     0.0000	 & 	     1.0000	 & 	     0.0000	 & 	     0.0000	 & 	     0.0000	 & 	     0.1424	 & 	     0.1163 \\ 
$ms         $	 & 	    -0.0516	 & 	     0.3170	 & 	    -0.0811	 & 	    -0.2113	 & 	    -0.2917	 & 	    -0.1322	 & 	    -0.0700	 & 	     0.0000	 & 	     0.0000	 & 	     0.0000	 & 	     0.0000	 & 	     0.0000	 & 	     0.0000	 & 	     0.0000	 & 	     0.0000	 & 	     0.0000	 & 	     0.0000	 & 	     0.0000	 & 	     0.0000	 & 	    -0.0265	 & 	    -0.0311	 & 	    -0.0311	 & 	    -0.0166	 & 	    -0.2432	 & 	    -0.0396	 & 	    -0.0287	 & 	    -0.0399	 & 	    -0.0516	 & 	    -0.0811	 & 	    -0.0154	 & 	     0.3170	 & 	     0.0000	 & 	     0.0000	 & 	     0.0000	 & 	     0.0000	 & 	     1.0000	 & 	     0.0000	 & 	     0.0000	 & 	     0.0000	 & 	    -0.0016 \\ 
$spinf      $	 & 	    -0.0933	 & 	     0.1695	 & 	     0.4814	 & 	    -0.1387	 & 	    -0.1182	 & 	    -0.1234	 & 	    -0.4911	 & 	     0.0000	 & 	     0.9374	 & 	     0.0000	 & 	     0.0000	 & 	     0.0000	 & 	     0.0000	 & 	     0.0000	 & 	     0.0000	 & 	     0.0000	 & 	     0.0000	 & 	     0.0000	 & 	     0.0000	 & 	    -0.3444	 & 	    -0.1354	 & 	    -0.1354	 & 	    -0.1124	 & 	    -0.1016	 & 	    -0.0700	 & 	    -0.0989	 & 	    -0.0966	 & 	    -0.0933	 & 	     0.4814	 & 	    -0.2766	 & 	     0.1695	 & 	     0.0000	 & 	     0.0000	 & 	     0.0000	 & 	     0.0000	 & 	     0.0000	 & 	     1.0000	 & 	     0.0000	 & 	     0.0000	 & 	    -0.0336 \\ 
$sw         $	 & 	    -0.2806	 & 	     0.2550	 & 	     0.4425	 & 	    -0.0714	 & 	    -0.1701	 & 	    -0.0479	 & 	     0.6769	 & 	     0.9423	 & 	     0.0000	 & 	     0.0000	 & 	     0.0000	 & 	     0.0000	 & 	     0.0000	 & 	     0.0000	 & 	     0.0000	 & 	     0.0000	 & 	     0.0000	 & 	     0.0000	 & 	     0.0000	 & 	     0.2969	 & 	     0.1220	 & 	     0.1220	 & 	    -0.1039	 & 	     0.0508	 & 	    -0.2675	 & 	    -0.1501	 & 	    -0.2209	 & 	    -0.2806	 & 	     0.4425	 & 	     0.2369	 & 	     0.2550	 & 	     0.0000	 & 	     0.0000	 & 	     0.0000	 & 	     0.0000	 & 	     0.0000	 & 	     0.0000	 & 	     1.0000	 & 	     0.0000	 & 	    -0.1239 \\ 
$kpf        $	 & 	    -0.0612	 & 	    -0.0480	 & 	    -0.0506	 & 	    -0.0844	 & 	    -0.0193	 & 	    -0.1645	 & 	    -0.0368	 & 	     0.0000	 & 	     0.0000	 & 	    -0.9157	 & 	    -0.9157	 & 	     0.9756	 & 	    -0.2609	 & 	     0.6858	 & 	     0.5813	 & 	     0.4832	 & 	    -0.3270	 & 	     0.6490	 & 	     0.0131	 & 	     0.0474	 & 	    -0.7454	 & 	    -0.7454	 & 	     0.7133	 & 	    -0.2141	 & 	     0.3981	 & 	     0.4720	 & 	     0.3432	 & 	    -0.0612	 & 	    -0.0506	 & 	     0.5163	 & 	    -0.0480	 & 	     0.3854	 & 	     0.0000	 & 	    -0.0559	 & 	     0.1424	 & 	     0.0000	 & 	     0.0000	 & 	     0.0000	 & 	     1.0000	 & 	     0.7918 \\ 
$kp         $	 & 	     0.3123	 & 	    -0.2557	 & 	    -0.2332	 & 	    -0.1279	 & 	    -0.0863	 & 	    -0.1813	 & 	    -0.0306	 & 	    -0.0003	 & 	    -0.0010	 & 	    -0.7290	 & 	    -0.7290	 & 	     0.7706	 & 	    -0.2214	 & 	     0.5135	 & 	     0.4515	 & 	     0.3743	 & 	    -0.2391	 & 	     0.4959	 & 	     0.0165	 & 	     0.0986	 & 	    -0.8213	 & 	    -0.8213	 & 	     0.9649	 & 	    -0.1761	 & 	     0.7478	 & 	     0.5972	 & 	     0.6258	 & 	     0.3123	 & 	    -0.2332	 & 	     0.5165	 & 	    -0.2557	 & 	     0.2849	 & 	     0.0019	 & 	    -0.0282	 & 	     0.1163	 & 	    -0.0016	 & 	    -0.0336	 & 	    -0.1239	 & 	     0.7918	 & 	     1.0000 \\ 
\end{longtable}
 \end{center}
% End of TeX file.
