% 17-Aug-2024 08:26:27, created by disp_moments.m 
 
\begin{center}
\begin{longtable}{lcccccccccccccccccccccccccccccccccccccccc} 
\caption{CORRELATION OF SIMULATED VARIABLES}\\
 \label{Table:sim_corr_matrix}\\
\toprule 
$VARIABLE  $	 & 	 $     labobs$	 & 	 $       robs$	 & 	 $    pinfobs$	 & 	 $         dy$	 & 	 $         dc$	 & 	 $      dinve$	 & 	 $         dw$	 & 	 $       ewma$	 & 	 $    epinfma$	 & 	 $      zcapf$	 & 	 $        rkf$	 & 	 $         kf$	 & 	 $        pkf$	 & 	 $         cf$	 & 	 $      invef$	 & 	 $         yf$	 & 	 $       labf$	 & 	 $         wf$	 & 	 $        rrf$	 & 	 $         mc$	 & 	 $       zcap$	 & 	 $         rk$	 & 	 $          k$	 & 	 $         pk$	 & 	 $          c$	 & 	 $       inve$	 & 	 $          y$	 & 	 $        lab$	 & 	 $       pinf$	 & 	 $          w$	 & 	 $          r$	 & 	 $          a$	 & 	 $          b$	 & 	 $          g$	 & 	 $         qs$	 & 	 $         ms$	 & 	 $      spinf$	 & 	 $         sw$	 & 	 $        kpf$	 & 	 $         kp$\\
\midrule \endfirsthead 
\caption{(continued)}\\
 \toprule \\ 
$VARIABLE  $	 & 	 $     labobs$	 & 	 $       robs$	 & 	 $    pinfobs$	 & 	 $         dy$	 & 	 $         dc$	 & 	 $      dinve$	 & 	 $         dw$	 & 	 $       ewma$	 & 	 $    epinfma$	 & 	 $      zcapf$	 & 	 $        rkf$	 & 	 $         kf$	 & 	 $        pkf$	 & 	 $         cf$	 & 	 $      invef$	 & 	 $         yf$	 & 	 $       labf$	 & 	 $         wf$	 & 	 $        rrf$	 & 	 $         mc$	 & 	 $       zcap$	 & 	 $         rk$	 & 	 $          k$	 & 	 $         pk$	 & 	 $          c$	 & 	 $       inve$	 & 	 $          y$	 & 	 $        lab$	 & 	 $       pinf$	 & 	 $          w$	 & 	 $          r$	 & 	 $          a$	 & 	 $          b$	 & 	 $          g$	 & 	 $         qs$	 & 	 $         ms$	 & 	 $      spinf$	 & 	 $         sw$	 & 	 $        kpf$	 & 	 $         kp$\\
\midrule \endhead 
\midrule \multicolumn{41}{r}{(Continued on next page)} \\ \bottomrule \endfoot 
\bottomrule \endlastfoot 
$labobs    $	 & 	     1.0000	 & 	    -0.5040	 & 	    -0.5540	 & 	     0.0800	 & 	     0.1779	 & 	    -0.0231	 & 	     0.0778	 & 	    -0.0666	 & 	    -0.0608	 & 	    -0.2566	 & 	    -0.2566	 & 	     0.7634	 & 	    -0.0052	 & 	     0.0830	 & 	     0.0032	 & 	     0.6922	 & 	     0.5412	 & 	     0.5486	 & 	     0.1025	 & 	     0.2743	 & 	     0.5985	 & 	     0.5985	 & 	     0.9178	 & 	     0.2744	 & 	     0.7867	 & 	     0.8219	 & 	     0.9645	 & 	     1.0000	 & 	    -0.5540	 & 	     0.6157	 & 	    -0.5040	 & 	     0.5200	 & 	     0.0716	 & 	     0.7750	 & 	    -0.0921	 & 	    -0.0391	 & 	    -0.2768	 & 	    -0.2908	 & 	     0.7550	 & 	     0.7079 \\ 
$robs      $	 & 	    -0.5040	 & 	     1.0000	 & 	     0.6845	 & 	    -0.2033	 & 	    -0.4087	 & 	    -0.0890	 & 	    -0.1806	 & 	     0.0648	 & 	     0.0789	 & 	     0.0369	 & 	     0.0369	 & 	    -0.4331	 & 	    -0.3907	 & 	    -0.5062	 & 	    -0.1657	 & 	    -0.4207	 & 	     0.0907	 & 	    -0.5648	 & 	     0.3261	 & 	     0.3372	 & 	     0.0093	 & 	     0.0093	 & 	    -0.4810	 & 	    -0.3478	 & 	    -0.6526	 & 	    -0.5870	 & 	    -0.5822	 & 	    -0.5040	 & 	     0.6845	 & 	    -0.0129	 & 	     1.0000	 & 	    -0.5522	 & 	     0.2461	 & 	    -0.2357	 & 	     0.2357	 & 	     0.4826	 & 	     0.1575	 & 	     0.2778	 & 	    -0.4103	 & 	    -0.5483 \\ 
$pinfobs   $	 & 	    -0.5540	 & 	     0.6845	 & 	     1.0000	 & 	    -0.2772	 & 	    -0.4188	 & 	    -0.0695	 & 	    -0.0645	 & 	     0.3285	 & 	     0.3737	 & 	     0.1394	 & 	     0.1394	 & 	    -0.5970	 & 	    -0.1635	 & 	    -0.2535	 & 	    -0.2322	 & 	    -0.5571	 & 	    -0.2051	 & 	    -0.5686	 & 	     0.1419	 & 	     0.2485	 & 	    -0.1838	 & 	    -0.1838	 & 	    -0.4451	 & 	    -0.1554	 & 	    -0.4869	 & 	    -0.6054	 & 	    -0.6073	 & 	    -0.5540	 & 	     1.0000	 & 	    -0.0744	 & 	     0.6845	 & 	    -0.5483	 & 	     0.1140	 & 	    -0.4699	 & 	     0.1527	 & 	     0.1282	 & 	     0.5078	 & 	     0.5231	 & 	    -0.5923	 & 	    -0.4134 \\ 
$dy        $	 & 	     0.0800	 & 	    -0.2033	 & 	    -0.2772	 & 	     1.0000	 & 	     0.6520	 & 	     0.5606	 & 	     0.1240	 & 	    -0.1795	 & 	    -0.0722	 & 	     0.3073	 & 	     0.3073	 & 	     0.2392	 & 	    -0.1999	 & 	     0.0809	 & 	     0.3984	 & 	     0.3172	 & 	     0.2256	 & 	     0.2637	 & 	     0.3946	 & 	    -0.2436	 & 	     0.1738	 & 	     0.1738	 & 	    -0.1067	 & 	     0.3786	 & 	    -0.0351	 & 	     0.2266	 & 	     0.1243	 & 	     0.0800	 & 	    -0.2772	 & 	    -0.1300	 & 	    -0.2033	 & 	     0.2819	 & 	     0.4252	 & 	     0.1871	 & 	     0.3570	 & 	    -0.1059	 & 	    -0.1185	 & 	    -0.1880	 & 	     0.2101	 & 	    -0.1724 \\ 
$dc        $	 & 	     0.1779	 & 	    -0.4087	 & 	    -0.4188	 & 	     0.6520	 & 	     1.0000	 & 	     0.3335	 & 	     0.1679	 & 	    -0.1447	 & 	    -0.0799	 & 	    -0.0624	 & 	    -0.0624	 & 	     0.2972	 & 	     0.1250	 & 	     0.0963	 & 	     0.3532	 & 	     0.2791	 & 	    -0.0063	 & 	     0.3450	 & 	     0.5022	 & 	    -0.1839	 & 	     0.1767	 & 	     0.1767	 & 	     0.0502	 & 	     0.7182	 & 	     0.1201	 & 	     0.3663	 & 	     0.2303	 & 	     0.1779	 & 	    -0.4188	 & 	    -0.0124	 & 	    -0.4087	 & 	     0.3343	 & 	     0.5940	 & 	     0.1639	 & 	     0.0283	 & 	    -0.3662	 & 	    -0.1781	 & 	    -0.2035	 & 	     0.3175	 & 	    -0.0089 \\ 
$dinve     $	 & 	    -0.0231	 & 	    -0.0890	 & 	    -0.0695	 & 	     0.5606	 & 	     0.3335	 & 	     1.0000	 & 	     0.1674	 & 	    -0.0434	 & 	    -0.1304	 & 	     0.3484	 & 	     0.3484	 & 	     0.0159	 & 	    -0.3672	 & 	    -0.0986	 & 	     0.3600	 & 	     0.1059	 & 	     0.1854	 & 	     0.0273	 & 	     0.0461	 & 	    -0.1103	 & 	     0.1178	 & 	     0.1178	 & 	    -0.1675	 & 	    -0.0112	 & 	    -0.1475	 & 	     0.1410	 & 	    -0.0258	 & 	    -0.0231	 & 	    -0.0695	 & 	    -0.1287	 & 	    -0.0890	 & 	     0.0527	 & 	     0.1532	 & 	     0.0237	 & 	     0.8873	 & 	    -0.2186	 & 	    -0.1266	 & 	    -0.0315	 & 	     0.0183	 & 	    -0.1970 \\ 
$dw        $	 & 	     0.0778	 & 	    -0.1806	 & 	    -0.0645	 & 	     0.1240	 & 	     0.1679	 & 	     0.1674	 & 	     1.0000	 & 	     0.7818	 & 	    -0.4271	 & 	     0.1996	 & 	     0.1996	 & 	     0.1834	 & 	     0.1313	 & 	     0.1659	 & 	     0.2202	 & 	     0.2338	 & 	    -0.0054	 & 	     0.2891	 & 	     0.0236	 & 	     0.0009	 & 	     0.1907	 & 	     0.1907	 & 	     0.0665	 & 	     0.2782	 & 	     0.0937	 & 	     0.1903	 & 	     0.1570	 & 	     0.0778	 & 	    -0.0645	 & 	     0.1920	 & 	    -0.1806	 & 	     0.2988	 & 	     0.0950	 & 	     0.1238	 & 	     0.0466	 & 	     0.0264	 & 	    -0.3691	 & 	     0.7256	 & 	     0.1500	 & 	    -0.0136 \\ 
$ewma      $	 & 	    -0.0666	 & 	     0.0648	 & 	     0.3285	 & 	    -0.1795	 & 	    -0.1447	 & 	    -0.0434	 & 	     0.7818	 & 	     1.0000	 & 	     0.0717	 & 	     0.0939	 & 	     0.0939	 & 	    -0.1412	 & 	     0.1918	 & 	     0.0571	 & 	    -0.1338	 & 	    -0.1161	 & 	    -0.1812	 & 	    -0.0421	 & 	     0.0003	 & 	     0.1037	 & 	    -0.0337	 & 	    -0.0337	 & 	     0.0241	 & 	     0.1455	 & 	     0.0451	 & 	    -0.1027	 & 	    -0.0500	 & 	    -0.0666	 & 	     0.3285	 & 	     0.1136	 & 	     0.0648	 & 	    -0.0344	 & 	     0.0575	 & 	    -0.1119	 & 	    -0.0498	 & 	     0.1572	 & 	     0.1312	 & 	     0.9579	 & 	    -0.1629	 & 	     0.0327 \\ 
$epinfma   $	 & 	    -0.0608	 & 	     0.0789	 & 	     0.3737	 & 	    -0.0722	 & 	    -0.0799	 & 	    -0.1304	 & 	    -0.4271	 & 	     0.0717	 & 	     1.0000	 & 	     0.0589	 & 	     0.0589	 & 	    -0.1791	 & 	     0.1723	 & 	     0.0907	 & 	    -0.1361	 & 	    -0.1627	 & 	    -0.2141	 & 	    -0.0810	 & 	     0.0387	 & 	    -0.1775	 & 	    -0.2134	 & 	    -0.2134	 & 	    -0.0607	 & 	     0.0423	 & 	     0.0720	 & 	    -0.1079	 & 	    -0.0735	 & 	    -0.0608	 & 	     0.3737	 & 	    -0.2333	 & 	     0.0789	 & 	    -0.0753	 & 	     0.0730	 & 	    -0.1769	 & 	    -0.0978	 & 	     0.0486	 & 	     0.9334	 & 	     0.0547	 & 	    -0.1936	 & 	     0.0370 \\ 
$zcapf     $	 & 	    -0.2566	 & 	     0.0369	 & 	     0.1394	 & 	     0.3073	 & 	    -0.0624	 & 	     0.3484	 & 	     0.1996	 & 	     0.0939	 & 	     0.0589	 & 	     1.0000	 & 	     1.0000	 & 	    -0.1051	 & 	     0.0225	 & 	     0.3115	 & 	     0.2671	 & 	     0.1541	 & 	    -0.0198	 & 	     0.1995	 & 	    -0.0445	 & 	    -0.4222	 & 	    -0.0899	 & 	    -0.0899	 & 	    -0.3568	 & 	     0.0026	 & 	    -0.1419	 & 	    -0.1339	 & 	    -0.1382	 & 	    -0.2566	 & 	     0.1394	 & 	    -0.3011	 & 	     0.0369	 & 	     0.2703	 & 	     0.0094	 & 	    -0.0641	 & 	     0.2515	 & 	     0.0772	 & 	     0.1774	 & 	     0.1494	 & 	    -0.2634	 & 	    -0.3280 \\ 
$rkf       $	 & 	    -0.2566	 & 	     0.0369	 & 	     0.1394	 & 	     0.3073	 & 	    -0.0624	 & 	     0.3484	 & 	     0.1996	 & 	     0.0939	 & 	     0.0589	 & 	     1.0000	 & 	     1.0000	 & 	    -0.1051	 & 	     0.0225	 & 	     0.3115	 & 	     0.2671	 & 	     0.1541	 & 	    -0.0198	 & 	     0.1995	 & 	    -0.0445	 & 	    -0.4222	 & 	    -0.0899	 & 	    -0.0899	 & 	    -0.3568	 & 	     0.0026	 & 	    -0.1419	 & 	    -0.1339	 & 	    -0.1382	 & 	    -0.2566	 & 	     0.1394	 & 	    -0.3011	 & 	     0.0369	 & 	     0.2703	 & 	     0.0094	 & 	    -0.0641	 & 	     0.2515	 & 	     0.0772	 & 	     0.1774	 & 	     0.1494	 & 	    -0.2634	 & 	    -0.3280 \\ 
$kf        $	 & 	     0.7634	 & 	    -0.4331	 & 	    -0.5970	 & 	     0.2392	 & 	     0.2972	 & 	     0.0159	 & 	     0.1834	 & 	    -0.1412	 & 	    -0.1791	 & 	    -0.1051	 & 	    -0.1051	 & 	     1.0000	 & 	    -0.0398	 & 	     0.2215	 & 	     0.4538	 & 	     0.9664	 & 	     0.6029	 & 	     0.8502	 & 	     0.0175	 & 	     0.0338	 & 	     0.7058	 & 	     0.7058	 & 	     0.5816	 & 	     0.1904	 & 	     0.4748	 & 	     0.8410	 & 	     0.8546	 & 	     0.7634	 & 	    -0.5970	 & 	     0.5269	 & 	    -0.4331	 & 	     0.8275	 & 	     0.0014	 & 	     0.8768	 & 	    -0.0459	 & 	    -0.0772	 & 	    -0.3584	 & 	    -0.2903	 & 	     0.9822	 & 	     0.3042 \\ 
$pkf       $	 & 	    -0.0052	 & 	    -0.3907	 & 	    -0.1635	 & 	    -0.1999	 & 	     0.1250	 & 	    -0.3672	 & 	     0.1313	 & 	     0.1918	 & 	     0.1723	 & 	     0.0225	 & 	     0.0225	 & 	    -0.0398	 & 	     1.0000	 & 	     0.5870	 & 	    -0.2567	 & 	    -0.0337	 & 	    -0.7061	 & 	     0.3480	 & 	    -0.1257	 & 	    -0.4121	 & 	    -0.4065	 & 	    -0.4065	 & 	     0.1572	 & 	     0.4757	 & 	     0.4419	 & 	    -0.0157	 & 	     0.1328	 & 	    -0.0052	 & 	    -0.1635	 & 	    -0.1493	 & 	    -0.3907	 & 	     0.3436	 & 	     0.0820	 & 	    -0.1744	 & 	    -0.6482	 & 	    -0.0023	 & 	     0.2378	 & 	     0.0853	 & 	    -0.0944	 & 	     0.3562 \\ 
$cf        $	 & 	     0.0830	 & 	    -0.5062	 & 	    -0.2535	 & 	     0.0809	 & 	     0.0963	 & 	    -0.0986	 & 	     0.1659	 & 	     0.0571	 & 	     0.0907	 & 	     0.3115	 & 	     0.3115	 & 	     0.2215	 & 	     0.5870	 & 	     1.0000	 & 	     0.2911	 & 	     0.3006	 & 	    -0.4675	 & 	     0.6255	 & 	    -0.1004	 & 	    -0.7347	 & 	    -0.3979	 & 	    -0.3979	 & 	     0.1305	 & 	     0.3564	 & 	     0.5621	 & 	     0.2752	 & 	     0.2797	 & 	     0.0830	 & 	    -0.2535	 & 	    -0.3289	 & 	    -0.5062	 & 	     0.6377	 & 	     0.0079	 & 	    -0.1464	 & 	    -0.3475	 & 	    -0.0394	 & 	     0.2474	 & 	    -0.0645	 & 	     0.1489	 & 	     0.3578 \\ 
$invef     $	 & 	     0.0032	 & 	    -0.1657	 & 	    -0.2322	 & 	     0.3984	 & 	     0.3532	 & 	     0.3600	 & 	     0.2202	 & 	    -0.1338	 & 	    -0.1361	 & 	     0.2671	 & 	     0.2671	 & 	     0.4538	 & 	    -0.2567	 & 	     0.2911	 & 	     1.0000	 & 	     0.5199	 & 	     0.1601	 & 	     0.5479	 & 	    -0.0897	 & 	    -0.3985	 & 	     0.1808	 & 	     0.1808	 & 	    -0.1701	 & 	    -0.0848	 & 	    -0.0822	 & 	     0.5309	 & 	     0.1528	 & 	     0.0032	 & 	    -0.2322	 & 	    -0.1089	 & 	    -0.1657	 & 	     0.5582	 & 	    -0.0568	 & 	     0.1315	 & 	     0.3775	 & 	    -0.1398	 & 	    -0.1122	 & 	    -0.1284	 & 	     0.4659	 & 	    -0.2159 \\ 
$yf        $	 & 	     0.6922	 & 	    -0.4207	 & 	    -0.5571	 & 	     0.3172	 & 	     0.2791	 & 	     0.1059	 & 	     0.2338	 & 	    -0.1161	 & 	    -0.1627	 & 	     0.1541	 & 	     0.1541	 & 	     0.9664	 & 	    -0.0337	 & 	     0.3006	 & 	     0.5199	 & 	     1.0000	 & 	     0.5939	 & 	     0.8963	 & 	     0.0059	 & 	    -0.0756	 & 	     0.6780	 & 	     0.6780	 & 	     0.4856	 & 	     0.1898	 & 	     0.4351	 & 	     0.8009	 & 	     0.8133	 & 	     0.6922	 & 	    -0.5571	 & 	     0.4457	 & 	    -0.4207	 & 	     0.8921	 & 	     0.0039	 & 	     0.8545	 & 	     0.0194	 & 	    -0.0567	 & 	    -0.3102	 & 	    -0.2498	 & 	     0.9078	 & 	     0.2174 \\ 
$labf      $	 & 	     0.5412	 & 	     0.0907	 & 	    -0.2051	 & 	     0.2256	 & 	    -0.0063	 & 	     0.1854	 & 	    -0.0054	 & 	    -0.1812	 & 	    -0.2141	 & 	    -0.0198	 & 	    -0.0198	 & 	     0.6029	 & 	    -0.7061	 & 	    -0.4675	 & 	     0.1601	 & 	     0.5939	 & 	     1.0000	 & 	     0.1754	 & 	     0.1456	 & 	     0.5134	 & 	     0.8536	 & 	     0.8536	 & 	     0.3142	 & 	    -0.1964	 & 	    -0.0411	 & 	     0.3979	 & 	     0.4563	 & 	     0.5412	 & 	    -0.2051	 & 	     0.5776	 & 	     0.0907	 & 	     0.1709	 & 	    -0.0327	 & 	     0.8102	 & 	     0.3462	 & 	     0.0229	 & 	    -0.4231	 & 	    -0.1916	 & 	     0.5933	 & 	    -0.0775 \\ 
$wf        $	 & 	     0.5486	 & 	    -0.5648	 & 	    -0.5686	 & 	     0.2637	 & 	     0.3450	 & 	     0.0273	 & 	     0.2891	 & 	    -0.0421	 & 	    -0.0810	 & 	     0.1995	 & 	     0.1995	 & 	     0.8502	 & 	     0.3480	 & 	     0.6255	 & 	     0.5479	 & 	     0.8963	 & 	     0.1754	 & 	     1.0000	 & 	    -0.0730	 & 	    -0.3755	 & 	     0.3591	 & 	     0.3591	 & 	     0.4210	 & 	     0.3406	 & 	     0.5550	 & 	     0.7607	 & 	     0.7437	 & 	     0.5486	 & 	    -0.5686	 & 	     0.2270	 & 	    -0.5648	 & 	     0.9973	 & 	     0.0227	 & 	     0.5990	 & 	    -0.1671	 & 	    -0.0820	 & 	    -0.1464	 & 	    -0.2000	 & 	     0.7838	 & 	     0.3087 \\ 
$rrf       $	 & 	     0.1025	 & 	     0.3261	 & 	     0.1419	 & 	     0.3946	 & 	     0.5022	 & 	     0.0461	 & 	     0.0236	 & 	     0.0003	 & 	     0.0387	 & 	    -0.0445	 & 	    -0.0445	 & 	     0.0175	 & 	    -0.1257	 & 	    -0.1004	 & 	    -0.0897	 & 	     0.0059	 & 	     0.1456	 & 	    -0.0730	 & 	     1.0000	 & 	     0.1871	 & 	     0.1990	 & 	     0.1990	 & 	     0.0480	 & 	     0.6683	 & 	     0.0306	 & 	    -0.0337	 & 	     0.0501	 & 	     0.1025	 & 	     0.1419	 & 	     0.1289	 & 	     0.3261	 & 	    -0.0750	 & 	     0.9523	 & 	     0.0780	 & 	    -0.0308	 & 	     0.1653	 & 	     0.0108	 & 	     0.0352	 & 	     0.0165	 & 	    -0.0585 \\ 
$mc        $	 & 	     0.2743	 & 	     0.3372	 & 	     0.2485	 & 	    -0.2436	 & 	    -0.1839	 & 	    -0.1103	 & 	     0.0009	 & 	     0.1037	 & 	    -0.1775	 & 	    -0.4222	 & 	    -0.4222	 & 	     0.0338	 & 	    -0.4121	 & 	    -0.7347	 & 	    -0.3985	 & 	    -0.0756	 & 	     0.5134	 & 	    -0.3755	 & 	     0.1871	 & 	     1.0000	 & 	     0.5889	 & 	     0.5889	 & 	     0.3619	 & 	    -0.0959	 & 	    -0.1260	 & 	     0.0040	 & 	     0.1089	 & 	     0.2743	 & 	     0.2485	 & 	     0.8099	 & 	     0.3372	 & 	    -0.4003	 & 	     0.0660	 & 	     0.3460	 & 	     0.1064	 & 	     0.1143	 & 	    -0.3754	 & 	     0.1617	 & 	     0.0894	 & 	     0.0708 \\ 
$zcap      $	 & 	     0.5985	 & 	     0.0093	 & 	    -0.1838	 & 	     0.1738	 & 	     0.1767	 & 	     0.1178	 & 	     0.1907	 & 	    -0.0337	 & 	    -0.2134	 & 	    -0.0899	 & 	    -0.0899	 & 	     0.7058	 & 	    -0.4065	 & 	    -0.3979	 & 	     0.1808	 & 	     0.6780	 & 	     0.8536	 & 	     0.3591	 & 	     0.1990	 & 	     0.5889	 & 	     1.0000	 & 	     1.0000	 & 	     0.3932	 & 	     0.0766	 & 	     0.0417	 & 	     0.5130	 & 	     0.5626	 & 	     0.5985	 & 	    -0.1838	 & 	     0.7774	 & 	     0.0093	 & 	     0.3461	 & 	     0.1130	 & 	     0.8756	 & 	     0.1969	 & 	     0.0230	 & 	    -0.4607	 & 	    -0.0532	 & 	     0.6968	 & 	    -0.0671 \\ 
$rk        $	 & 	     0.5985	 & 	     0.0093	 & 	    -0.1838	 & 	     0.1738	 & 	     0.1767	 & 	     0.1178	 & 	     0.1907	 & 	    -0.0337	 & 	    -0.2134	 & 	    -0.0899	 & 	    -0.0899	 & 	     0.7058	 & 	    -0.4065	 & 	    -0.3979	 & 	     0.1808	 & 	     0.6780	 & 	     0.8536	 & 	     0.3591	 & 	     0.1990	 & 	     0.5889	 & 	     1.0000	 & 	     1.0000	 & 	     0.3932	 & 	     0.0766	 & 	     0.0417	 & 	     0.5130	 & 	     0.5626	 & 	     0.5985	 & 	    -0.1838	 & 	     0.7774	 & 	     0.0093	 & 	     0.3461	 & 	     0.1130	 & 	     0.8756	 & 	     0.1969	 & 	     0.0230	 & 	    -0.4607	 & 	    -0.0532	 & 	     0.6968	 & 	    -0.0671 \\ 
$k         $	 & 	     0.9178	 & 	    -0.4810	 & 	    -0.4451	 & 	    -0.1067	 & 	     0.0502	 & 	    -0.1675	 & 	     0.0665	 & 	     0.0241	 & 	    -0.0607	 & 	    -0.3568	 & 	    -0.3568	 & 	     0.5816	 & 	     0.1572	 & 	     0.1305	 & 	    -0.1701	 & 	     0.4856	 & 	     0.3142	 & 	     0.4210	 & 	     0.0480	 & 	     0.3619	 & 	     0.3932	 & 	     0.3932	 & 	     1.0000	 & 	     0.2805	 & 	     0.8526	 & 	     0.7181	 & 	     0.8825	 & 	     0.9178	 & 	    -0.4451	 & 	     0.6733	 & 	    -0.4810	 & 	     0.3871	 & 	     0.0402	 & 	     0.5817	 & 	    -0.2230	 & 	    -0.0040	 & 	    -0.2456	 & 	    -0.1961	 & 	     0.5860	 & 	     0.8888 \\ 
$pk        $	 & 	     0.2744	 & 	    -0.3478	 & 	    -0.1554	 & 	     0.3786	 & 	     0.7182	 & 	    -0.0112	 & 	     0.2782	 & 	     0.1455	 & 	     0.0423	 & 	     0.0026	 & 	     0.0026	 & 	     0.1904	 & 	     0.4757	 & 	     0.3564	 & 	    -0.0848	 & 	     0.1898	 & 	    -0.1964	 & 	     0.3406	 & 	     0.6683	 & 	    -0.0959	 & 	     0.0766	 & 	     0.0766	 & 	     0.2805	 & 	     1.0000	 & 	     0.4387	 & 	     0.2104	 & 	     0.3310	 & 	     0.2744	 & 	    -0.1554	 & 	     0.1258	 & 	    -0.3478	 & 	     0.3348	 & 	     0.7597	 & 	     0.1127	 & 	    -0.3633	 & 	    -0.1755	 & 	     0.0081	 & 	     0.0603	 & 	     0.1511	 & 	     0.2585 \\ 
$c         $	 & 	     0.7867	 & 	    -0.6526	 & 	    -0.4869	 & 	    -0.0351	 & 	     0.1201	 & 	    -0.1475	 & 	     0.0937	 & 	     0.0451	 & 	     0.0720	 & 	    -0.1419	 & 	    -0.1419	 & 	     0.4748	 & 	     0.4419	 & 	     0.5621	 & 	    -0.0822	 & 	     0.4351	 & 	    -0.0411	 & 	     0.5550	 & 	     0.0306	 & 	    -0.1260	 & 	     0.0417	 & 	     0.0417	 & 	     0.8526	 & 	     0.4387	 & 	     1.0000	 & 	     0.6676	 & 	     0.8207	 & 	     0.7867	 & 	    -0.4869	 & 	     0.2562	 & 	    -0.6526	 & 	     0.5348	 & 	     0.0895	 & 	     0.3209	 & 	    -0.3414	 & 	    -0.0330	 & 	     0.0081	 & 	    -0.2109	 & 	     0.4450	 & 	     0.9123 \\ 
$inve      $	 & 	     0.8219	 & 	    -0.5870	 & 	    -0.6054	 & 	     0.2266	 & 	     0.3663	 & 	     0.1410	 & 	     0.1903	 & 	    -0.1027	 & 	    -0.1079	 & 	    -0.1339	 & 	    -0.1339	 & 	     0.8410	 & 	    -0.0157	 & 	     0.2752	 & 	     0.5309	 & 	     0.8009	 & 	     0.3979	 & 	     0.7607	 & 	    -0.0337	 & 	     0.0040	 & 	     0.5130	 & 	     0.5130	 & 	     0.7181	 & 	     0.2104	 & 	     0.6676	 & 	     1.0000	 & 	     0.8861	 & 	     0.8219	 & 	    -0.6054	 & 	     0.4655	 & 	    -0.5870	 & 	     0.7375	 & 	    -0.0034	 & 	     0.6388	 & 	     0.0716	 & 	    -0.1303	 & 	    -0.2757	 & 	    -0.3015	 & 	     0.8525	 & 	     0.5650 \\ 
$y         $	 & 	     0.9645	 & 	    -0.5822	 & 	    -0.6073	 & 	     0.1243	 & 	     0.2303	 & 	    -0.0258	 & 	     0.1570	 & 	    -0.0500	 & 	    -0.0735	 & 	    -0.1382	 & 	    -0.1382	 & 	     0.8546	 & 	     0.1328	 & 	     0.2797	 & 	     0.1528	 & 	     0.8133	 & 	     0.4563	 & 	     0.7437	 & 	     0.0501	 & 	     0.1089	 & 	     0.5626	 & 	     0.5626	 & 	     0.8825	 & 	     0.3310	 & 	     0.8207	 & 	     0.8861	 & 	     1.0000	 & 	     0.9645	 & 	    -0.6073	 & 	     0.5735	 & 	    -0.5822	 & 	     0.7205	 & 	     0.0603	 & 	     0.7840	 & 	    -0.1431	 & 	    -0.0499	 & 	    -0.2614	 & 	    -0.2797	 & 	     0.8252	 & 	     0.6939 \\ 
$lab       $	 & 	     1.0000	 & 	    -0.5040	 & 	    -0.5540	 & 	     0.0800	 & 	     0.1779	 & 	    -0.0231	 & 	     0.0778	 & 	    -0.0666	 & 	    -0.0608	 & 	    -0.2566	 & 	    -0.2566	 & 	     0.7634	 & 	    -0.0052	 & 	     0.0830	 & 	     0.0032	 & 	     0.6922	 & 	     0.5412	 & 	     0.5486	 & 	     0.1025	 & 	     0.2743	 & 	     0.5985	 & 	     0.5985	 & 	     0.9178	 & 	     0.2744	 & 	     0.7867	 & 	     0.8219	 & 	     0.9645	 & 	     1.0000	 & 	    -0.5540	 & 	     0.6157	 & 	    -0.5040	 & 	     0.5200	 & 	     0.0716	 & 	     0.7750	 & 	    -0.0921	 & 	    -0.0391	 & 	    -0.2768	 & 	    -0.2908	 & 	     0.7550	 & 	     0.7079 \\ 
$pinf      $	 & 	    -0.5540	 & 	     0.6845	 & 	     1.0000	 & 	    -0.2772	 & 	    -0.4188	 & 	    -0.0695	 & 	    -0.0645	 & 	     0.3285	 & 	     0.3737	 & 	     0.1394	 & 	     0.1394	 & 	    -0.5970	 & 	    -0.1635	 & 	    -0.2535	 & 	    -0.2322	 & 	    -0.5571	 & 	    -0.2051	 & 	    -0.5686	 & 	     0.1419	 & 	     0.2485	 & 	    -0.1838	 & 	    -0.1838	 & 	    -0.4451	 & 	    -0.1554	 & 	    -0.4869	 & 	    -0.6054	 & 	    -0.6073	 & 	    -0.5540	 & 	     1.0000	 & 	    -0.0744	 & 	     0.6845	 & 	    -0.5483	 & 	     0.1140	 & 	    -0.4699	 & 	     0.1527	 & 	     0.1282	 & 	     0.5078	 & 	     0.5231	 & 	    -0.5923	 & 	    -0.4134 \\ 
$w         $	 & 	     0.6157	 & 	    -0.0129	 & 	    -0.0744	 & 	    -0.1300	 & 	    -0.0124	 & 	    -0.1287	 & 	     0.1920	 & 	     0.1136	 & 	    -0.2333	 & 	    -0.3011	 & 	    -0.3011	 & 	     0.5269	 & 	    -0.1493	 & 	    -0.3289	 & 	    -0.1089	 & 	     0.4457	 & 	     0.5776	 & 	     0.2270	 & 	     0.1289	 & 	     0.8099	 & 	     0.7774	 & 	     0.7774	 & 	     0.6733	 & 	     0.1258	 & 	     0.2562	 & 	     0.4655	 & 	     0.5735	 & 	     0.6157	 & 	    -0.0744	 & 	     1.0000	 & 	    -0.0129	 & 	     0.2006	 & 	     0.0742	 & 	     0.6883	 & 	    -0.0302	 & 	     0.0805	 & 	    -0.4683	 & 	     0.0719	 & 	     0.5387	 & 	     0.3309 \\ 
$r         $	 & 	    -0.5040	 & 	     1.0000	 & 	     0.6845	 & 	    -0.2033	 & 	    -0.4087	 & 	    -0.0890	 & 	    -0.1806	 & 	     0.0648	 & 	     0.0789	 & 	     0.0369	 & 	     0.0369	 & 	    -0.4331	 & 	    -0.3907	 & 	    -0.5062	 & 	    -0.1657	 & 	    -0.4207	 & 	     0.0907	 & 	    -0.5648	 & 	     0.3261	 & 	     0.3372	 & 	     0.0093	 & 	     0.0093	 & 	    -0.4810	 & 	    -0.3478	 & 	    -0.6526	 & 	    -0.5870	 & 	    -0.5822	 & 	    -0.5040	 & 	     0.6845	 & 	    -0.0129	 & 	     1.0000	 & 	    -0.5522	 & 	     0.2461	 & 	    -0.2357	 & 	     0.2357	 & 	     0.4826	 & 	     0.1575	 & 	     0.2778	 & 	    -0.4103	 & 	    -0.5483 \\ 
$a         $	 & 	     0.5200	 & 	    -0.5522	 & 	    -0.5483	 & 	     0.2819	 & 	     0.3343	 & 	     0.0527	 & 	     0.2988	 & 	    -0.0344	 & 	    -0.0753	 & 	     0.2703	 & 	     0.2703	 & 	     0.8275	 & 	     0.3436	 & 	     0.6377	 & 	     0.5582	 & 	     0.8921	 & 	     0.1709	 & 	     0.9973	 & 	    -0.0750	 & 	    -0.4003	 & 	     0.3461	 & 	     0.3461	 & 	     0.3871	 & 	     0.3348	 & 	     0.5348	 & 	     0.7375	 & 	     0.7205	 & 	     0.5200	 & 	    -0.5483	 & 	     0.2006	 & 	    -0.5522	 & 	     1.0000	 & 	     0.0230	 & 	     0.5838	 & 	    -0.1455	 & 	    -0.0748	 & 	    -0.1307	 & 	    -0.1854	 & 	     0.7506	 & 	     0.2790 \\ 
$b         $	 & 	     0.0716	 & 	     0.2461	 & 	     0.1140	 & 	     0.4252	 & 	     0.5940	 & 	     0.1532	 & 	     0.0950	 & 	     0.0575	 & 	     0.0730	 & 	     0.0094	 & 	     0.0094	 & 	     0.0014	 & 	     0.0820	 & 	     0.0079	 & 	    -0.0568	 & 	     0.0039	 & 	    -0.0327	 & 	     0.0227	 & 	     0.9523	 & 	     0.0660	 & 	     0.1130	 & 	     0.1130	 & 	     0.0402	 & 	     0.7597	 & 	     0.0895	 & 	    -0.0034	 & 	     0.0603	 & 	     0.0716	 & 	     0.1140	 & 	     0.0742	 & 	     0.2461	 & 	     0.0230	 & 	     1.0000	 & 	     0.0211	 & 	     0.0014	 & 	     0.1438	 & 	     0.0634	 & 	     0.0730	 & 	    -0.0050	 & 	    -0.0178 \\ 
$g         $	 & 	     0.7750	 & 	    -0.2357	 & 	    -0.4699	 & 	     0.1871	 & 	     0.1639	 & 	     0.0237	 & 	     0.1238	 & 	    -0.1119	 & 	    -0.1769	 & 	    -0.0641	 & 	    -0.0641	 & 	     0.8768	 & 	    -0.1744	 & 	    -0.1464	 & 	     0.1315	 & 	     0.8545	 & 	     0.8102	 & 	     0.5990	 & 	     0.0780	 & 	     0.3460	 & 	     0.8756	 & 	     0.8756	 & 	     0.5817	 & 	     0.1127	 & 	     0.3209	 & 	     0.6388	 & 	     0.7840	 & 	     0.7750	 & 	    -0.4699	 & 	     0.6883	 & 	    -0.2357	 & 	     0.5838	 & 	     0.0211	 & 	     1.0000	 & 	     0.0158	 & 	    -0.0038	 & 	    -0.4194	 & 	    -0.2236	 & 	     0.8373	 & 	     0.1997 \\ 
$qs        $	 & 	    -0.0921	 & 	     0.2357	 & 	     0.1527	 & 	     0.3570	 & 	     0.0283	 & 	     0.8873	 & 	     0.0466	 & 	    -0.0498	 & 	    -0.0978	 & 	     0.2515	 & 	     0.2515	 & 	    -0.0459	 & 	    -0.6482	 & 	    -0.3475	 & 	     0.3775	 & 	     0.0194	 & 	     0.3462	 & 	    -0.1671	 & 	    -0.0308	 & 	     0.1064	 & 	     0.1969	 & 	     0.1969	 & 	    -0.2230	 & 	    -0.3633	 & 	    -0.3414	 & 	     0.0716	 & 	    -0.1431	 & 	    -0.0921	 & 	     0.1527	 & 	    -0.0302	 & 	     0.2357	 & 	    -0.1455	 & 	     0.0014	 & 	     0.0158	 & 	     1.0000	 & 	    -0.0503	 & 	    -0.0966	 & 	     0.0196	 & 	    -0.0125	 & 	    -0.2989 \\ 
$ms        $	 & 	    -0.0391	 & 	     0.4826	 & 	     0.1282	 & 	    -0.1059	 & 	    -0.3662	 & 	    -0.2186	 & 	     0.0264	 & 	     0.1572	 & 	     0.0486	 & 	     0.0772	 & 	     0.0772	 & 	    -0.0772	 & 	    -0.0023	 & 	    -0.0394	 & 	    -0.1398	 & 	    -0.0567	 & 	     0.0229	 & 	    -0.0820	 & 	     0.1653	 & 	     0.1143	 & 	     0.0230	 & 	     0.0230	 & 	    -0.0040	 & 	    -0.1755	 & 	    -0.0330	 & 	    -0.1303	 & 	    -0.0499	 & 	    -0.0391	 & 	     0.1282	 & 	     0.0805	 & 	     0.4826	 & 	    -0.0748	 & 	     0.1438	 & 	    -0.0038	 & 	    -0.0503	 & 	     1.0000	 & 	     0.0577	 & 	     0.1810	 & 	    -0.1006	 & 	    -0.0288 \\ 
$spinf     $	 & 	    -0.2768	 & 	     0.1575	 & 	     0.5078	 & 	    -0.1185	 & 	    -0.1781	 & 	    -0.1266	 & 	    -0.3691	 & 	     0.1312	 & 	     0.9334	 & 	     0.1774	 & 	     0.1774	 & 	    -0.3584	 & 	     0.2378	 & 	     0.2474	 & 	    -0.1122	 & 	    -0.3102	 & 	    -0.4231	 & 	    -0.1464	 & 	     0.0108	 & 	    -0.3754	 & 	    -0.4607	 & 	    -0.4607	 & 	    -0.2456	 & 	     0.0081	 & 	     0.0081	 & 	    -0.2757	 & 	    -0.2614	 & 	    -0.2768	 & 	     0.5078	 & 	    -0.4683	 & 	     0.1575	 & 	    -0.1307	 & 	     0.0634	 & 	    -0.4194	 & 	    -0.0966	 & 	     0.0577	 & 	     1.0000	 & 	     0.1438	 & 	    -0.3816	 & 	    -0.0398 \\ 
$sw        $	 & 	    -0.2908	 & 	     0.2778	 & 	     0.5231	 & 	    -0.1880	 & 	    -0.2035	 & 	    -0.0315	 & 	     0.7256	 & 	     0.9579	 & 	     0.0547	 & 	     0.1494	 & 	     0.1494	 & 	    -0.2903	 & 	     0.0853	 & 	    -0.0645	 & 	    -0.1284	 & 	    -0.2498	 & 	    -0.1916	 & 	    -0.2000	 & 	     0.0352	 & 	     0.1617	 & 	    -0.0532	 & 	    -0.0532	 & 	    -0.1961	 & 	     0.0603	 & 	    -0.2109	 & 	    -0.3015	 & 	    -0.2797	 & 	    -0.2908	 & 	     0.5231	 & 	     0.0719	 & 	     0.2778	 & 	    -0.1854	 & 	     0.0730	 & 	    -0.2236	 & 	     0.0196	 & 	     0.1810	 & 	     0.1438	 & 	     1.0000	 & 	    -0.3083	 & 	    -0.2012 \\ 
$kpf       $	 & 	     0.7550	 & 	    -0.4103	 & 	    -0.5923	 & 	     0.2101	 & 	     0.3175	 & 	     0.0183	 & 	     0.1500	 & 	    -0.1629	 & 	    -0.1936	 & 	    -0.2634	 & 	    -0.2634	 & 	     0.9822	 & 	    -0.0944	 & 	     0.1489	 & 	     0.4659	 & 	     0.9078	 & 	     0.5933	 & 	     0.7838	 & 	     0.0165	 & 	     0.0894	 & 	     0.6968	 & 	     0.6968	 & 	     0.5860	 & 	     0.1511	 & 	     0.4450	 & 	     0.8525	 & 	     0.8252	 & 	     0.7550	 & 	    -0.5923	 & 	     0.5387	 & 	    -0.4103	 & 	     0.7506	 & 	    -0.0050	 & 	     0.8373	 & 	    -0.0125	 & 	    -0.1006	 & 	    -0.3816	 & 	    -0.3083	 & 	     1.0000	 & 	     0.3155 \\ 
$kp        $	 & 	     0.7079	 & 	    -0.5483	 & 	    -0.4134	 & 	    -0.1724	 & 	    -0.0089	 & 	    -0.1970	 & 	    -0.0136	 & 	     0.0327	 & 	     0.0370	 & 	    -0.3280	 & 	    -0.3280	 & 	     0.3042	 & 	     0.3562	 & 	     0.3578	 & 	    -0.2159	 & 	     0.2174	 & 	    -0.0775	 & 	     0.3087	 & 	    -0.0585	 & 	     0.0708	 & 	    -0.0671	 & 	    -0.0671	 & 	     0.8888	 & 	     0.2585	 & 	     0.9123	 & 	     0.5650	 & 	     0.6939	 & 	     0.7079	 & 	    -0.4134	 & 	     0.3309	 & 	    -0.5483	 & 	     0.2790	 & 	    -0.0178	 & 	     0.1997	 & 	    -0.2989	 & 	    -0.0288	 & 	    -0.0398	 & 	    -0.2012	 & 	     0.3155	 & 	     1.0000 \\ 
\end{longtable}
 \end{center}
% End of TeX file.
